Polygon(((-9.424750648352177, -10.0)), ((-6.283188122553884, -10.0)), ((-6.283188122553884, -7.853864679673201)), ((-9.424750648352177, -7.853864679673201)))
Polygon(((-9.424750648352177, 7.854014644635347)), ((-6.283188122553884, 7.854014644635347)), ((-6.283188122553884, 10.0)), ((-9.424750648352177, 10.0)))
Polygon(((-9.424750648352177, 4.712241044900234)), ((-6.283188122553884, 4.712241044900234)), ((-6.283188122553884, 7.854014644635347)), ((-9.424750648352177, 7.854014644635347)))
Polygon(((-9.424750648352177, -7.853864679673201)), ((-6.283188122553884, -7.853864679673201)), ((-6.283188122553884, -4.712471101749901)), ((-9.424750648352177, -4.712471101749901)))
Polygon(((-9.424750648352177, -4.712417501357478)), ((-6.283188122553884, -4.712417501357478)), ((-6.283188122553884, -1.5705815763951447)), ((-9.424750648352177, -1.5705815763951447)))
Polygon(((-9.424750648352177, 1.5707882311940304)), ((-6.283188122553884, 1.5707882311940304)), ((-6.283188122553884, 4.712241044900234)), ((-9.424750648352177, 4.712241044900234)))
Polygon(((-9.424750648352177, -1.5705815763951447)), ((-6.283188122553884, -1.5705815763951447)), ((-6.283188122553884, 1.5707882311940304)), ((-9.424750648352177, 1.5707882311940304)))
Polygon(((3.141532289463351, -10.0)), ((6.283122475683743, -10.0)), ((6.283122475683743, -7.854000258152644)), ((3.141532289463351, -7.854000258152644)))
Polygon(((3.1416444606332177, 7.872727095941142)), ((6.283122475683743, 7.872727095941142)), ((6.283122475683743, 10.0)), ((3.1416444606332177, 10.0)))
Polygon(((3.1416444606332177, -4.712185272764056)), ((6.283122475683743, -4.712185272764056)), ((6.283122475683743, -1.5705300324953044)), ((3.1416444606332177, -1.5705300324953044)))
Polygon(((3.1416444606332177, 4.712339562826858)), ((6.283122475683743, 4.712339562826858)), ((6.283122475683743, 7.853848781747469)), ((3.1416444606332177, 7.853848781747469)))
Polygon(((3.1416444606332177, 1.5707436925805633)), ((6.283122475683743, 1.5707436925805633)), ((6.283122475683743, 4.712339562826858)), ((3.1416444606332177, 4.712339562826858)))
Polygon(((3.1416444606332177, -1.5705300324953044)), ((6.283122475683743, -1.5705300324953044)), ((6.283122475683743, 1.5707436925805633)), ((3.1416444606332177, 1.5707436925805633)))
Polygon(((3.1416444606332177, -7.853963643129669)), ((6.283122475683743, -7.853963643129669)), ((6.283122475683743, -4.712358598061083)), ((3.1416444606332177, -4.712358598061083)))
Polygon(((6.283124726526256, -10.0)), ((9.42492333933041, -10.0)), ((9.42492333933041, -7.853805582949086)), ((6.283124726526256, -7.853805582949086)))
Polygon(((6.283183672943048, 4.712361394735059)), ((9.424731788170565, 4.712361394735059)), ((9.424731788170565, 7.853979087940635)), ((6.283183672943048, 7.853979087940635)))
Polygon(((6.283183672943048, 7.853979087940635)), ((9.424731788170565, 7.853979087940635)), ((9.424731788170565, 10.0)), ((6.283183672943048, 10.0)))
Polygon(((6.283197083358329, -7.853805582949086)), ((9.424731788170565, -7.853805582949086)), ((9.424731788170565, -4.7123708336207395)), ((6.283197083358329, -4.7123708336207395)))
Polygon(((6.283197083358329, 1.5709143911275316)), ((9.424731788170565, 1.5709143911275316)), ((9.424731788170565, 4.712361394735059)), ((6.283197083358329, 4.712361394735059)))
Polygon(((6.283197083358329, -4.7123708336207395)), ((9.424646379693746, -4.7123708336207395)), ((9.424646379693746, -1.5708074453235343)), ((6.283197083358329, -1.5708074453235343)))
Polygon(((6.283197083358329, -1.5708074453235343)), ((9.424646379693746, -1.5708074453235343)), ((9.424646379693746, 1.5707651834248648)), ((6.283197083358329, 1.5707651834248648)))
Polygon(((9.42492333933041, 7.853994149294591)), ((10.0, 7.853994149294591)), ((10.0, 10.0)), ((9.42492333933041, 10.0)))
Polygon(((9.42492333933041, -10.0)), ((10.0, -10.0)), ((10.0, -7.853877243511219)), ((9.42492333933041, -7.853877243511219)))
Polygon(((9.42492333933041, -7.853877243511219)), ((10.0, -7.853877243511219)), ((10.0, -4.712464908607682)), ((9.42492333933041, -4.712464908607682)))
Polygon(((9.424946010727785, 4.712359883298674)), ((10.0, 4.712359883298674)), ((10.0, 7.853954902063331)), ((9.424946010727785, 7.853954902063331)))
Polygon(((9.424946010727785, -4.712412584396629)), ((10.0, -4.712412584396629)), ((10.0, -1.57077132301982)), ((9.424946010727785, -1.57077132301982)))
Polygon(((9.424946010727785, 1.5708646607181507)), ((10.0, 1.5708646607181507)), ((10.0, 4.712359883298674)), ((9.424946010727785, 4.712359883298674)))
Polygon(((9.424946010727785, -1.57077132301982)), ((10.0, -1.57077132301982)), ((10.0, 1.5707838293342953)), ((9.424946010727785, 1.5707838293342953)))
Polygon(((-3.141925524680328, -10.0)), ((-0.00012041876956625508, -10.0)), ((-0.00012041876956625508, -7.853721396633221)), ((-3.141925524680328, -7.853721396633221)))
Polygon(((-3.1416509220242914, -7.853721396633221)), ((-0.00012041876956625508, -7.853721396633221)), ((-0.00012041876956625508, -4.712392939280084)), ((-3.1416509220242914, -4.712392939280084)))
Polygon(((-3.141564441340748, -1.5708210386592465)), ((-0.00012041876956625508, -1.5708210386592465)), ((-0.00012041876956625508, 1.5712772884109067)), ((-3.141564441340748, 1.5712772884109067)))
Polygon(((-3.141564441340748, 7.854118458562616)), ((-0.00012041876956625508, 7.854118458562616)), ((-0.00012041876956625508, 10.0)), ((-3.141564441340748, 10.0)))
Polygon(((-3.141564441340748, 4.712897266765579)), ((-0.00012041876956625508, 4.712897266765579)), ((-0.00012041876956625508, 7.854035665315884)), ((-3.141564441340748, 7.854035665315884)))
Polygon(((-3.141564441340748, 1.5712772884109067)), ((-0.00012041876956625508, 1.5712772884109067)), ((-0.00012041876956625508, 4.712388180445766)), ((-3.141564441340748, 4.712388180445766)))
Polygon(((-3.141564441340748, -4.712392939280084)), ((-0.00012041876956625508, -4.712392939280084)), ((-0.00012041876956625508, -1.5708210386592465)), ((-3.141564441340748, -1.5708210386592465)))
Polygon(((2.728734565850033e-06, -10.0)), ((3.141532289463351, -10.0)), ((3.141532289463351, -7.853884291613258)), ((2.728734565850033e-06, -7.853884291613258)))
Polygon(((2.728734565850033e-06, 7.854109545088111)), ((3.141532289463351, 7.854109545088111)), ((3.141532289463351, 10.0)), ((2.728734565850033e-06, 10.0)))
Polygon(((2.728734565850033e-06, -7.853876841087984)), ((3.141532289463351, -7.853876841087984)), ((3.141532289463351, -4.712383942248385)), ((2.728734565850033e-06, -4.712383942248385)))
Polygon(((2.728734565850033e-06, 4.712506394468696)), ((3.141532289463351, 4.712506394468696)), ((3.141532289463351, 7.853982603320186)), ((2.728734565850033e-06, 7.853982603320186)))
Polygon(((2.728734565850033e-06, -1.570772698857131)), ((3.141532289463351, -1.570772698857131)), ((3.141532289463351, 1.5704726492056347)), ((2.728734565850033e-06, 1.5704726492056347)))
Polygon(((2.728734565850033e-06, 1.5707750179700817)), ((3.141532289463351, 1.5707750179700817)), ((3.141532289463351, 4.712273761321973)), ((2.728734565850033e-06, 4.712273761321973)))
Polygon(((2.728734565850033e-06, -4.712383942248385)), ((3.141532289463351, -4.712383942248385)), ((3.141532289463351, -1.570772698857131)), ((2.728734565850033e-06, -1.570772698857131)))
Polygon(((-6.283188122553884, 7.853709010091226)), ((-3.141925524680328, 7.853709010091226)), ((-3.141925524680328, 10.0)), ((-6.283188122553884, 10.0)))
Polygon(((-6.283188122553884, -10.0)), ((-3.141925524680328, -10.0)), ((-3.141925524680328, -7.853893850642805)), ((-6.283188122553884, -7.853893850642805)))
Polygon(((-6.283188122553884, -7.853893850642805)), ((-3.141925524680328, -7.853893850642805)), ((-3.141925524680328, -4.712525810921257)), ((-6.283188122553884, -4.712525810921257)))
Polygon(((-6.283188122553884, 4.712378798753865)), ((-3.141925524680328, 4.712378798753865)), ((-3.141925524680328, 7.853583017094742)), ((-6.283188122553884, 7.853583017094742)))
Polygon(((-6.283188122553884, 1.5710839730412323)), ((-3.141925524680328, 1.5710839730412323)), ((-3.141925524680328, 4.712378798753865)), ((-6.283188122553884, 4.712378798753865)))
Polygon(((-6.283188122553884, -4.71240214147646)), ((-3.141925524680328, -4.71240214147646)), ((-3.141925524680328, -1.5708602289047515)), ((-6.283188122553884, -1.5708602289047515)))
Polygon(((-6.283188122553884, -1.5707786170454041)), ((-3.141925524680328, -1.5707786170454041)), ((-3.141925524680328, 1.570915175323074)), ((-6.283188122553884, 1.570915175323074)))
Polygon(((-10.0, -10.0)), ((-9.424750648352177, -10.0)), ((-9.424750648352177, -7.853914871310406)), ((-10.0, -7.853914871310406)))
Polygon(((-10.0, 7.853971967106796)), ((-9.424767273986472, 7.853971967106796)), ((-9.424767273986472, 10.0)), ((-10.0, 10.0)))
Polygon(((-10.0, 4.7123446986280735)), ((-9.424767273986472, 4.7123446986280735)), ((-9.424767273986472, 7.853948898199)), ((-10.0, 7.853948898199)))
Polygon(((-10.0, -7.853914871310406)), ((-9.424767273986472, -7.853914871310406)), ((-9.424767273986472, -4.712356856257823)), ((-10.0, -4.712356856257823)))
Polygon(((-10.0, -4.712356856257823)), ((-9.424802651962647, -4.712356856257823)), ((-9.424802651962647, -1.5704156645611749)), ((-10.0, -1.5704156645611749)))
Polygon(((-10.0, 1.5706646107570117)), ((-9.424802651962647, 1.5706646107570117)), ((-9.424802651962647, 4.7123446986280735)), ((-10.0, 4.7123446986280735)))
Polygon(((-10.0, -1.5704156645611749)), ((-9.424802651962647, -1.5704156645611749)), ((-9.424802651962647, 1.5706646107570117)), ((-10.0, 1.5706646107570117)))
