(345.14921251178515, 499.0800199240759, -888.0204527016142)
(487.6303094963597, 437.788932987792, -949.0847328792522)
(462.8264031260491, 474.64065708189247, -840.7506495267941)
(489.7151646984891, 509.4033750590064, -448.1029847097605)
(489.7151646984891, 499.9809440865703, -543.2049141315952)
(502.54244072696696, 452.93136595439427, -882.9350150415188)
(512.0, 469.4259586045336, -680.2692556304102)
(502.54244072696696, 512.0, -367.66557204885646)
(439.4362057282527, 453.8929031597213, -935.3355377744939)
(462.8264031260491, 497.40104615961036, -399.6344062647289)
(417.449953504025, 512.0, -41.1302836997437)
(511.7220624947842, 402.39434995747723, -955.8506862253207)
(481.2194102154818, 436.6888550343541, -954.3566555366248)
(501.63476818266184, 437.788932987792, -31.214564146184728)
(477.37226365191356, 365.1319417352155, -617.7878694761135)
(512.0, 58.65548690970596, -512.1132238532861)
(477.38336144272074, 220.24833371392384, -318.3861253190796)
(502.1402004701103, 255.66340530820332, -199.57061994712586)
(511.9952435828009, 267.2427375875658, -212.05587557248333)
(502.1402004701103, 234.9053636653356, -132.43077653497002)
(424.84430469822627, 437.788932987792, -885.512525904764)
(477.37226365191356, 432.85300204708915, -954.7248557897474)
(462.81146756328025, 411.7989210064804, -836.9168197961005)
(477.37226365191356, 372.4000334027993, -672.2411044068585)
(457.84808612105184, 408.26844785518324, -846.5288859392715)
(455.4513899871716, 199.68978512891348, -484.9854892253534)
(455.4513899871716, 342.58061579500173, -329.581664338954)
(477.37226365191356, 239.9291744612442, -219.62278668085307)
(466.40137404229455, 0.036282758129046196, -425.235520740153)
(477.37226365191356, 60.83145901239718, -149.29137367622022)
(419.0258931011103, 171.15507580614846, -629.5935564836893)
(452.4265897225122, 408.26844785518324, -825.6164550515042)
(455.42844078266666, 217.54163452569543, -380.72841752091614)
(439.04196562528244, 326.18207226617375, -159.75682956465)
(439.04196562528244, 394.95763459656195, -679.5397653418139)
(439.04196562528244, 217.54163452569543, -260.7021443338161)
(439.03913613856395, 333.42311408799355, -203.58634077420874)
(397.57405737977257, 408.26844785518324, -579.0292328182818)
(428.6818061021753, 389.1570619874608, -328.47663505870094)
(428.6818061021753, 384.80442722850756, -542.5367693236451)
(416.3389367007378, 371.6486538532057, -375.49974505181547)
(410.7663646769664, 361.2569817475732, -266.53728155224263)
(428.6818061021753, 321.5783558933226, -118.53963757091998)
(419.9598650448697, 309.13730103117626, -69.48799973983722)
(419.9598650448697, 312.0870501176528, -75.63015599504229)
(416.33902741538776, 301.5664807185752, -38.50868160248723)
(428.6818061021753, 217.54163452569543, -132.57763177088162)
(409.7908030098856, 291.5961677392989, -13.788872543118998)
(409.7908030098856, 360.41644267507576, -255.5399323308409)
(400.41847982744366, 289.22809760644935, -85.8585428104426)
(408.90328605902954, 290.3649739641518, -12.78726935962635)
(400.3967729428249, 356.0025897086814, -181.66724034879428)
(397.27639006990654, 347.5715665089039, -119.5866627332378)
(396.654210430723, 285.10059580995863, -103.824320962608)
(400.3967729428249, 296.81225185216687, -44.44142209512154)
(396.654210430723, 344.8748274112473, -32.430230603406585)
(396.6458332319276, 352.3138200100543, -142.88412598652155)
(393.50727812554953, 281.1679961173637, -122.11348075949212)
(393.79956460958675, 344.2985741250244, -92.20308667393505)
(396.654210430723, 294.280018298963, -40.77995986060972)
(393.50727812554953, 341.8373987644424, -14.36871002544342)
(391.13248104179155, 278.76814723393903, -137.82904904965685)
(393.50422657722095, 349.0649507271667, -113.41139051027272)
(393.50422657722095, 292.3757534079151, -34.35437814351633)
(378.52013803309444, 389.1570619874608, -311.4764682025693)
(373.0686403873523, 260.0296939801656, -290.76169087776043)
(373.0686403873523, 376.53148084253684, -95.10280023286214)
(389.88903971920263, 345.4240798043147, -83.1238420665515)
(388.32208879244047, 343.76145977492797, -71.00837410998582)
(389.8762231330834, 340.4978576933853, -63.85159185184142)
(388.5159819731445, 338.3892889707556, -45.36089539692472)
(388.51149459232704, 339.14279400982986, -55.05487691320059)
(387.5669423650429, 342.2861205533255, -50.002063729371685)
(387.5669423650429, 337.18455025857867, -32.754337556144094)
(387.5669423650429, 343.10521306111434, -65.90867816309293)
(387.563887196334, 338.15071952103773, -49.333223173241834)
(386.31506192120406, 336.34599701748084, -36.417929503833534)
(385.55316481718745, 341.09354951035465, -52.440362425971216)
(384.2745888763316, 339.6831338878598, -44.25782724327797)
(383.80002956936517, 333.42529926142856, -14.422833058859737)
(383.80002956936517, 339.4881223877942, -41.47512906924982)
(382.63559881242514, 338.05345267342983, -35.164938374904864)
(383.7993711823415, 334.3991838692415, -29.76158248560256)
(382.81523081787867, 332.99973641963874, -22.650899787494666)
(382.81523081787867, 333.3656578328488, -25.48255934288403)
(382.39713088731565, 336.9714489451732, -12.972498605586793)
(382.39713088731565, 332.1204069021608, -11.548332830958145)
(382.39713088731565, 337.7971392107429, -33.82935837435548)
(381.3702830222061, 336.7490874022627, -28.57357574742133)
(382.3762963000403, 332.842186689411, -23.47655271029106)
(381.3682830222569, 331.72759514930806, -19.040835453191107)
(380.9159495782347, 336.44913047899774, -26.824829914417023)
(379.9358341623493, 335.37713220136334, -22.298675288953348)
(379.7092941296285, 335.2395144349977, -21.434505049894312)
(378.84684588079494, 334.2634091035683, -17.749569375903945)
(379.7303550768177, 330.2898844319652, -14.444008542250572)
(389.8951733103277, 277.2994850917774, -146.54170584363456)
(391.13248104179155, 346.6029603863101, -92.86032614898699)
(389.8951733103277, 339.49610878339234, -46.215757522996626)
(391.13248104179155, 291.4480799137847, -19.505984070173838)
(455.42844078266666, 0.0, -409.5343097186588)
(402.518613085036, 118.94773146671525, -180.44143637109568)
(373.0473495167828, 118.94773146671525, -348.6082045282637)
(325.4037373028429, 216.66027413760696, -582.227234019791)
(290.5647542966961, 245.81077913328335, -545.312233745369)
(308.30068887413614, 259.0725053114418, -464.2890257263531)
(300.8113033401947, 437.7790937160929, -286.6218762521452)
(290.5647542966961, 299.07823303227116, -206.8315553007463)
(302.0651577981102, 318.1173087728507, -58.05224497445187)
(290.5647542966961, 421.790515208687, -43.38535028754853)
(302.0665512289025, 310.9574319721549, -87.67937135993975)
(307.34650994754486, 323.39419875775235, -15.748212668635972)
(308.30068887413614, 258.8972515701711, -466.1454178592103)
(308.30068887413614, 437.788932987792, -272.75666131986594)
(352.40471336806564, 245.81077913328335, -445.3443730958215)
(364.0062670815028, 383.991287074778, -186.84550631381475)
(354.02648361565434, 309.53896873787704, -35.02020111238778)
(355.26554785231167, 310.9429192670205, -27.588492381139417)
(359.0486289253924, 309.53896873787704, -31.871602492361205)
(355.26554785231167, 310.66288757099585, -29.40311598290208)
(356.54983300440864, 312.0345262878851, -23.3899594034782)
(357.56931232157314, 313.1611699313038, -18.56901001948887)
(357.5723595447859, 312.9183887980457, -19.44067454774887)
(358.3814986010402, 313.7404425875186, -16.36775080921808)
(359.0474670423153, 314.77487890698, -11.850235400226552)
(360.118931489305, 310.66431197659284, -27.054757569834408)
(360.4980303797216, 311.6586063523072, -15.020138180751474)
(359.04910740789353, 314.42739072162647, -14.000856114543978)
(359.762080419336, 315.36370463788614, -10.77285954031936)
(360.4980303797216, 310.9464619026843, -25.737515948340047)
(361.7413098903164, 312.1313649176004, -20.93394420434663)
(362.7921871662197, 313.25241099225343, -17.343928021134445)
(325.39900589360127, 437.788932987792, -168.35583576502523)
(353.1757323267029, 372.5193015364808, -62.49486712170511)
(348.3542957490445, 366.34473523195663, -18.660339780328627)
(318.4844896659164, 268.8142701989649, -379.15190392091586)
(325.39900589360127, 280.8495226409645, -274.0706813861134)
(318.4844896659164, 437.788932987792, -220.6651374722381)
(364.0062670815028, 251.04597219683822, -375.20208387749426)
(373.04571058515614, 394.3451054328684, -308.8070893163999)
(373.0473495167828, 178.8174566321288, -67.9747086421894)
(373.0473495167828, 136.353995401509, -417.0331184326884)
(341.66783475820625, 88.34216579850204, -200.80659551079975)
(290.5647542966961, 178.8174566321288, -376.11523338499603)
(290.5647542966961, 38.547895765189296, -327.93060379473684)
(325.3864853634223, 78.1765464229202, -206.22959021085686)
(331.1624369019193, 110.02361401193892, -73.19250809334888)
(341.63794550831744, 96.9375271701538, -211.82915014731418)
(331.1624369019193, 54.58243333784058, -114.3692276799753)
(245.14921251178515, 258.70018776544777, -538.763930682871)
(280.54587592281734, 297.5526282610346, -268.032510103554)
(290.05728848061847, 437.788932987792, -267.51124353273974)
(290.05728848061847, 313.23804975458313, -82.64402494335974)
(280.5459860679935, 419.0600138962837, -16.829266147717505)
(280.5459860679935, 419.0600138962837, -16.829266147717505)
(290.05728848061847, 240.5711478549439, -557.2497425844633)
(290.5647542966961, 437.788932987792, -269.45240046382247)
(274.06076477145314, 224.24424366342686, -537.5056077804425)
(290.5647542966961, 193.69384783322414, -376.2020207290317)
(290.5647542966961, 185.93100676047987, -411.7943452075224)
(276.7651602582292, 28.926080063755553, -343.1536378427788)
(269.02618263616876, 156.8840787987644, -173.29929926344118)
(290.5647542966961, 69.23648943641896, -120.84183515666442)
(269.02618263616876, 23.60803301171397, -338.0801501782639)
(269.02012406886354, 165.00294811893056, -207.46357879874125)
(255.8503513072554, 143.23087902460824, -86.75143401536144)
(255.8503513072554, 150.0873776495479, -107.03423086206513)
(251.9346939375675, 193.69384783322414, -18.06364500906772)
(251.9346939375675, 133.49772401750042, -32.35496763460344)
(251.9346939375675, 207.50277709228436, -407.06001451843514)
(251.92796057033004, 11.835622278534954, -294.9939831941125)
(251.92796771826454, 145.37163273388396, -86.91778071580376)
(242.91404917596662, 257.02850758371216, -540.2943689384008)
(180.22749551512146, 310.4772849547312, -387.42247989287335)
(193.833186915523, 512.0, -306.99562122656715)
(216.87888550479798, 512.0, -286.0320054340068)
(245.14921251178515, 492.33025954419776, -59.023647757831384)
(216.87888550479798, 296.7740333592243, -19.116290972795724)
(245.14921251178515, 296.7740333592243, -13.749777959159147)
(212.1664814782131, 222.83894710891718, -343.5883444136762)
(245.14921251178515, 200.82110568100723, -340.2682653915471)
(242.98886840236023, 187.92660550940886, -79.25761476872383)
(181.0459132061539, 71.9496663298208, -293.2821280371943)
(205.54088878574612, 98.07504704947917, -199.81813299532428)
(210.6009031735921, 160.94259451705545, -20.349144866017923)
(209.27625224924844, 159.61012792033318, -15.761689735990188)
(209.27625224924844, 159.86653701807973, -16.42826777238696)
(208.29687380829063, 158.46884175801537, -11.798317458628958)
(208.29687380829063, 158.7397412560141, -13.23622290922549)
(207.27267058146577, 157.61980697202358, -10.18701890172369)
(207.27267058146577, 157.89826361622062, -10.627572122421071)
(205.5688582557717, 160.93713933122964, -10.029828209217925)
(180.20563499034736, 130.40635087383433, -72.2182660921535)
(181.0527278089759, 138.1542778808276, -18.141142236844246)
(214.50642688485507, 99.70551247301509, -166.01579155024646)
(228.38322117773455, 119.82167544504887, -83.21783848151986)
(230.08802965130496, 130.30973668285833, -16.870554268473995)
(230.08802965130496, 117.36822575504287, -83.78748583466697)
(240.86137777962654, 131.7971047092066, -62.02808356111754)
(245.14322876444245, 136.64235504533906, -65.9187085793632)
(240.86137777962654, 122.90715956143724, -37.79354793390576)
(245.14921251178515, 39.0847489961552, -93.23767131325826)
(245.14921251178515, 5.791158529395724, -269.4465781704753)
(210.6526878880874, 0.0, -36.81239895522316)
(149.84757224470886, 301.0000433588017, -493.93356126702145)
(49.84757224470886, 357.6082104607137, -385.2373871185075)
(149.84757224470886, 512.0, -172.2735421216048)
(180.20118042951654, 512.0, -292.6034149232486)
(180.20118042951654, 357.6082104607137, -19.412050654853076)
(180.20118042951654, 70.47271052174978, -293.0164081620026)
(146.86142205694102, 97.52495108828232, -263.8370929276184)
(157.19131740683216, 112.92842133868359, -198.3340195212929)
(164.1639472311433, 120.25194266431343, -147.56080936556995)
(167.2690824168818, 125.47032272782201, -76.67370453465688)
(169.72738949385666, 120.26752037806409, -141.31659617472897)
(170.1298371486224, 129.7687134236173, -10.511426581679999)
(170.1298371486224, 120.10400402392271, -139.13673514874006)
(174.54770895783471, 130.08368218928908, -81.77946288530683)
(175.50171307239708, 133.5798496487034, -23.63052852273421)
(175.50131171324298, 198.21447057679856, -15.489138745364755)
(175.50171307239708, 125.3969735029696, -101.82711978698933)
(179.57080542930046, 208.5623691545797, -49.51865181913175)
(179.57080542930046, 245.16213136555928, -20.40609305012319)
(151.84021250125366, 38.525562449004454, -157.43990666307923)
(146.86142205694102, 20.63608243256621, -30.459092809390512)
(140.9476620514141, 91.13607607558546, -271.8689856132993)
(116.45530980166801, 122.14734202081917, -195.9549358358613)
(122.76859000475073, 245.16213136555928, -39.61613408576733)
(131.9678778033153, 149.87884193394441, -33.999373408965155)
(146.86142205694102, 109.03713807070145, -99.33349752738536)
(140.94467987186093, 245.16213136555928, -18.652827131902995)
(134.74178851993136, 139.34132776993297, -64.82007653314713)
(134.7417882686018, 245.16213136555928, -29.94905026143498)
(146.86142205694102, 44.12554046460682, -159.49173349885336)
(131.04621438473248, 17.15215775587655, -64.9026301686694)
(131.04438004552708, 24.988570830827435, -75.57329283038726)
(118.95231266753831, 61.59786795672479, -33.026365344694014)
(118.95231266753831, 1.9772737037542074, -62.82149740204765)
(116.45530980166801, 61.59786795672479, -75.87929697829438)
(116.45530980166801, 2.6194478620692063, -69.84175267414321)
(97.01285473455546, 110.98782474930668, -250.64131685531623)
(49.84757224470886, 145.7035443869542, -128.66705083991727)
(116.45530980166801, 145.7035443869542, -48.85081770113711)
(116.45530980166801, 245.16213136555928, -35.92327282124003)
(49.84757224470886, 0.0, -87.57414213024833)
(58.379995883906524, 13.96445640129525, -54.064703464835766)
(60.17745380936291, 19.01583339013206, -15.524577895281372)
(108.99757989014897, 0.05428104312422688, -80.40985120343902)
(116.45530980166801, 14.791993829179837, -42.58131070811311)
(93.71440913573909, 44.039258281291644, -26.74164813682671)
(91.28106333974685, 41.50573710725274, -17.157246709977215)
(88.90134050274185, 44.039258281291644, -15.597176971874148)
(90.1913996604902, 40.87390406161517, -14.520390049365062)
(87.62712415338413, 42.891328885500606, -11.635738119216754)
(88.956174630127, 39.57175849841125, -11.051558459202425)
(60.17745380936291, 9.996731126746024, -64.10459776758074)
(64.69905939116636, 20.19336694805471, -29.441596630876766)
(66.46961946949433, 23.269598111424738, -13.919868807598831)
(66.46961946949433, 16.530322384227155, -40.336135539436945)
(69.09656522359789, 24.525812935033294, -14.217483896021932)
(70.70915326583608, 20.77608706639622, -24.773697233978403)
(73.6251742002369, 23.577224497843083, -15.582961402608497)
(75.11176087266993, 25.603398866174395, -11.38630509486228)
(87.18713230806434, 42.80914785230201, -10.729185045219168)
(75.63773572849536, 25.85527781552029, -10.503708559400707)
(18.5756471857809, 366.0239658489502, -425.28755035793097)
(0.0, 428.3211547044074, -89.43594395582815)
(13.338006831455152, 151.38072150921795, -206.57036935462332)
(49.84757224470886, 300.3476178730442, -99.62530256279169)
(0.0, 194.07691326348825, -43.47093813130428)
(49.84757224470886, 0.0, -87.57414213024833)
(49.84757224470886, 105.76008546591406, -72.75873414806443)
(8.423174637921, 15.649462874737926, -66.84362683386816)
(27.384282014074333, 105.76008546591406, -23.43127227657592)
(0.0, 38.7140558698713, -14.213097252804339)
